0
0
0
2540
0
0
1244
0
3888
0
0
2547
0
0
2225
0
2500
0
0
2278
0
0
2496
0
0
2304
0
0
2419
0
0
2750
0
2369
0
0
2426
0
0
2313
0
2484
0
0
2296
0
2584
0
0
2256
0
0
2333
2577
0
0
2336
0
0
2910
0
1235
0
3740
0
0
1239
0
5582
0
1347
0
0
2133
0
1415
0
0
1172
0
0
2683
0
1214
0
0
2210
0
0
1205
0
0
1186
0
2082
0
0
1122
0
0
2300
0
0
1199
0
0
2389
0
4889
0
0
6301
0
0
5743
0
4659
0
0
3575
0
0
1676
0
3263
0
714
0
0
3654
0
0
1641
0
0
3526
0
2702
0
0
3053
0
0
2209
0
0
2788
0
0
3150
0
1925
0
0
2885
0
0
2288
0
3176
0
0
1068
0
0
1978
0
0
1911
0
2337
0
0
1668
0
0
1019
0
0
2213
0
1105
0
0
2615
0
0
919
0
2261
0
0
2268
0
0
1785
0
0
2945
0
1230
0
0
2519
0
0
1353
0
0
1612
0
1574
0
0
2233
0
0
1152
0
0
1726
0
1297
0
0
2251
0
0
2552
0
0
1283
0
1044
0
0
2160
0
0
2312
0
0
4146
0
0
4241
0
0
4908
0
2731
0
0
3251
0
0
3187
0
0
3525
0
2285
0
0
4296
0
0
2843
0
0
3627
0
0
3422
0
3498
0
0
2451
0
0
2304
0
0
3503
0
3216
0
0
2943
0
0
3060
0
2266
0
0
3402
0
0
1365
0
0
3526
0
0
1117
0
0
2403
0
1421
0
0
2151
0
0
2166
0
0
1146
0
0
1129
0
2265
0
0
1192
0
0
2309
0
0
1050
0
1196
0
0
2328
0
0
1158
0
0
2230
0
1093
0
0
2297
0
0
2159
0
5286
0
0
6505
0
0
5470
0
0
3841
0
0
2373
0
1917
0
0
2657
0
0
3204
0
0
2474
0
0
1129
0
0
3791
0
2501
0
0
1158
0
0
3574
0
0
2296
0
0
3656
0
1266
0
0
2418
0
0
1905
0
0
3384
0
0
3606
0
0
1187
0
3355
0
0
1451
0
0
1419
0
0
3268
0
0
2257
0
2415
0
0
1262
0
0
2638
0
0
1430
0
0
1175
0
0
3642
0
2326
0
0
1494
0
0
1257
0
0
3492
0
0
1596
0
0
2316
0
2778
0
0
5135
0
0
5227
0
0
4510
0
0
6614
0
0
5466
0
2521
0
0
1343
0
0
3531
0
0
3519
0
0
3219
0
0
2222
0
2638
0
0
2310
0
0
2122
0
0
3971
0
0
2347
0
0
2307
0
3190
0
0
2587
0
0
2978
0
0
1255
0
4326
0
0
1335
0
0
3351
0
0
1558
0
2323
0
0
4558
0
1509
0
0
3701
0
0
1503
0
0
3580
0
0
1185
0
0
2812
0
1976
0
0
2442
0
0
2820
0
0
1717
0
0
3781
0
0
1012
0
4025
0
0
758
0
0
3611
0
0
2421
0
2329
0
0
1185
0
0
2224
0
1037
0
0
1165
0
0
2257
0
1881
0
0
1517
0
0
1905
0
0
1725
0
0
1187
0
0
2023
0
1223
0
0
2117
0
0
876
0
0
2052
0
0
2698
0
4739
0
0
5776
0
0
4691
0
0
5822
0
2580
0
0
3367
0
0
914
0
3264
0
0
2026
0
0
3720
0
1795
0
0
3248
0
0
1221
0
0
2372
0
0
2414
0
2373
0
0
3638
0
0
1145
0
0
3823
0
1072
0
0
3624
0
0
1794
0
1979
0
0
3538
0
0
1142
0
0
3562
0
0
529
0
4127
0
0
1033
0
0
4912
0
0
906
0
0
3873
0
0
1247
0
938
0
0
3957
0
0
2214
0
0
2408
0
0
1572
0
0
3182
0
1340
0
0
3324
0
0
3698
0
0
826
0
0
3639
0
0
1150
0
1979
0
0
1130
0
0
2205
0
0
1055
0
0
2086
0
1047
0
0
2244
0
0
1284
0
0
1092
0
0
2239
0
1812
0
0
1885
0
0
1436
0
1871
0
0
1208
0
0
10966
0
0
3883
0
1230
0
0
3208
0
0
2091
0
0
1298
0
1308
0
0
2271
0
0
1110
0
0
2126
0
1114
0
0
2075
0
0
1482
0
0
1114
0
2199
0
0
1145
0
0
2334
0
962
0
0
2268
0
0
1153
0
0
1139
0
2276
0
0
1135
0
0
2256
0
0
1120
0
2265
0
0
1131
0
0
2378
0
0
1195
0
0
1816
0
0
493
0
2323
0
0
4981
0
0
3535
0
0
3127
0
4131
0
0
2279
0
0
3748
0
0
2519
0
3862
0
0
2833
0
0
2468
0
0
3597
0
0
4103
0
0
2620
0
0
3161
0
2279
0
0
2366
0
0
3512
0
0
1217
0
0
1052
0
0
2273
0
1169
0
0
2243
0
0
1137
0
0
2267
0
0
1134
0
0
2268
0
0
1140
0
1294
0
0
2121
0
0
1168
0
0
2131
0
0
12863
0
0
5237
0
2459
0
0
2314
0
0
2477
0
0
1181
0
0
2514
0
0
2213
0
0
3888
0
0
2397
0
0
1228
0
3614
0
0
1193
0
0
2230
0
0
1709
0
0
1390
0
0
1509
0
0
1130
0
0
1359
0
0
2198
0
2185
0
0
1220
0
0
1141
0
0
2249
0
0
1272
0
0
1976
0
0
1381
0
0
1501
0
0
2254
0
1171
0
0
12977
0
0
4275
0
0
1391
0
0
3857
0
2698
0
0
1127
0
0
3292
0
0
2047
0
0
3149
0
0
2390
0
2415
0
0
1127
0
0
1974
0
0
2270
0
1609
0
0
1810
0
0
1121
0
0
2269
0
1266
0
0
2177
0
0
1134
0
0
1804
0
0
1743
0
0
877
0
0
2273
0
1175
0
0
2992
0
0
1073
0
0
2283
0
0
963
0
0
11819
0
3119
0
0
2234
0
0
2420
0
0
2191
0
0
2436
0
3166
0
0
1340
0
0
2773
0
0
2383
0
0
3431
0
0
1163
0
3140
0
0
2843
0
0
1012
0
0
2283
0
0
1131
0
0
3153
0
0
2199
0
0
3375
0
2219
0
0
871
0
0
3918
0
0
2181
0
0
2293
0
0
2038
0
0
2298
0
0
1163
0
0
4055
0
0
2352
0
1072
0
0
3727
0
0
1292
0
0
1679
0
0
704
0
3406
0
0
1165
0
0
2256
0
0
1356
0
0
3513
0
0
1200
0
3009
0
0
1998
