0
0
0
0
0
424
0
0
0
0
13
0
0
0
0
737
0
0
0
0
383
0
0
0
0
55
0
0
0
0
1298
0
0
0
0
915
0
0
0
0
56
0
0
0
0
1360
0
0
0
0
1333
0
0
0
0
828
0
0
0
0
24
0
0
0
0
15
0
0
0
0
15
0
0
0
0
15
0
0
0
0
16
0
0
0
0
15
0
0
0
0
17
0
0
0
0
15
0
0
0
0
14
0
0
0
0
15
0
0
0
0
15
0
0
0
0
16
0
0
0
0
15
0
0
0
0
15
0
0
0
0
15
0
0
0
0
15
0
0
0
0
15
0
0
0
0
15
0
0
0
0
16
0
0
0
0
14
0
0
0
0
15
0
0
0
0
16
0
0
0
0
15
0
0
0
0
13
0
0
0
0
16
0
0
0
0
15
0
0
0
0
15
0
0
0
0
16
0
0
0
0
15
0
0
0
0
16
0
0
0
0
15
0
0
0
0
15
0
0
0
0
14
0
0
0
0
15
0
0
0
0
15
0
0
0
0
16
0
0
0
0
15
0
0
0
0
15
0
0
0
0
15
0
0
0
0
14
