0
8
0
0
2056
0
0
716
0
1079
0
0
2011
0
0
10
0
0
1860
0
0
25
0
0
1798
0
2052
0
0
4
0
0
1709
0
0
493
0
0
1110
0
0
1410
0
0
10
0
0
1814
0
0
254
0
1327
0
0
1235
0
0
13
0
0
1523
0
0
136
0
0
332
0
0
1708
0
0
0
0
0
31
0
96
0
0
243
0
0
111
0
0
0
0
0
19
0
0
61
0
0
81
0
0
359
0
802
0
0
4
0
0
136
0
0
72
0
0
3
0
0
0
0
0
194
0
0
456
0
0
627
0
0
339
0
541
0
0
7
0
0
96
0
0
309
0
0
2
0
0
8
0
0
55
0
0
560
0
0
29
0
82
0
0
116
0
0
219
0
0
1
0
0
26
0
0
130
0
0
312
0
4
0
0
2
0
0
13
0
0
455
0
0
366
0
0
141
0
4
0
0
293
0
0
151
0
0
2
0
0
251
0
1
0
0
11
0
0
115
0
0
281
0
0
184
0
0
0
0
35
0
0
479
0
0
262
0
0
4
0
0
6
0
0
11
0
2
0
0
5
0
0
3
0
0
1
0
0
6
0
0
496
0
284
0
0
33
0
0
3
0
0
5
0
0
5
0
0
10
0
0
325
0
0
187
0
0
76
0
93
0
0
359
0
0
5
0
0
163
0
0
39
0
0
454
0
0
57
0
0
86
0
0
103
0
8
0
0
9
0
0
101
0
0
420
0
0
221
0
0
0
0
7
0
0
3
0
0
1
0
0
7
0
0
5
0
0
5
0
0
6
0
4
0
0
138
0
0
404
0
0
106
0
0
86
0
0
300
0
7
0
0
4
0
0
13
0
0
3
0
0
1
0
0
11
0
118
0
0
269
0
0
211
0
0
33
0
2
0
0
1
0
0
4
0
0
9
0
0
19
0
0
2
0
0
0
0
0
1
0
3
0
0
17
0
0
35
0
0
2
0
0
13
0
0
126
0
95
0
0
0
0
0
125
0
0
0
0
0
0
0
0
0
0
0
0
0
0
0
0
0
0
