0
12
3
0
0
9
14
2
0
0
8
5
6
0
5
9
1
0
1
3
16
3
1
0
5
8
3
4
0
5
7
0
2
4
14
5
2
0
0
3
10
3
3
4
7
8
0
0
1
8
11
0
3
6
5
10
7
3
7
0
10
0
5
49
86
35
40
19
37
3
0
0
0
0
3
16
17
4
62
20
28
94
29
0
0
0
0
0
1
1
32
0
5
0
9
18
22
42
103
96
89
1
0
1
4
0
5
63
0
5
0
3
0
0
0
0
0
61
0
0
57
125
119
33
79
20
3
66
43
120
24
0
1
30
13
0
0
5
80
1
1
0
6
1
2
0
15
57
77
102
53
3
3
8
20
0
2
13
55
69
8
4
1
0
0
12
12
5
45
14
54
69
27
3
0
1
0
2
0
0
0
32
87
36
153
159
5
3
31
6
0
1
3
2
26
88
62
6
2
1
0
64
61
7
0
0
1
10
1
4
0
31
70
66
19
3
80
28
0
0
0
0
21
8
45
86
56
47
4
3
0
4
2
1
3
0
10
1
2
0
0
4
0
1
1
0
2
1
0
0
6
0
45
89
88
168
3
13
14
0
21
0
1
1
3
1
0
3
0
8
1
3
5
53
85
85
3
19
62
3
0
16
12
66
64
81
4
0
1
77
20
4
14
11
14
10
92
108
5
12
0
1
21
89
6
0
6
1
7
6
3
0
5
21
52
106
5
89
26
22
0
0
0
4
3
1
1
0
1
1
0
0
4
3
0
2
0
4
1
3
1
5
0
0
0
4
0
27
63
75
67
61
55
5
3
3
16
264
39
0
2
0
5
0
1
3
3
9
2
1
1
0
1
0
0
2
9
0
7
61
107
28
0
104
25
0
25
6
0
2
0
0
1
0
1
2
1
2
4
5
7
10
0
0
2
0
0
0
0
0
0
1
3
0
0
4
11
0
18
10
2
0
0
7
0
6
0
26
46
26
6
5
0
0
0
1
124
0
0
0
0
0
0
0
0
0
0
0
0
0
0
0
0
0
0
0
