0
12
2050
6
6
6
136
1645
6
6
6
676
1331
6
6
6
1176
685
6
6
6
539
1264
6
6
6
1847
205
6
6
6
1699
6
6
6
6
1583
6
6
6
323
1084
6
6
6
573
1237
6
6
6
1096
471
6
6
6
1219
6
6
6
6
1513
6
6
6
10
22
13
51
1272
400
6
6
6
9
16
6
9
6
6
24
7
6
22
11
6
6
6
6
6
6
6
6
6
6
6
6
6
6
11
30
4
6
6
6
6
6
6
14
6
6
6
6
6
6
6
6
6
6
8
5
7
10
13
26
12
6
9
9
10
16
15
12
6
6
9
6
6
6
7
18
7
6
6
5
6
6
6
10
9
6
22
9
6
6
6
6
6
6
6
12
18
6
6
6
6
6
6
6
6
6
6
6
6
6
6
6
6
6
6
6
6
6
6
13
6
42
27
9
6
7
12
6
6
6
6
6
6
15
12
6
6
6
2
13
6
6
6
6
6
6
6
6
6
6
9
9
7
6
8
7
6
6
6
10
6
6
6
24
6
12
6
6
6
6
6
6
6
6
6
6
6
6
6
6
6
6
6
6
6
6
6
6
6
6
6
19
18
25
30
6
9
6
4
6
6
6
6
7
5
7
6
7
6
5
5
8
15
5
9
6
9
6
6
6
9
6
12
18
12
6
6
6
15
6
6
6
6
6
6
13
11
6
6
5
6
6
14
6
6
8
5
5
7
6
6
5
6
27
19
6
12
39
9
6
6
6
6
6
6
6
6
6
6
6
6
6
6
6
6
6
6
6
6
6
6
6
6
6
6
6
6
22
21
6
36
21
6
6
6
6
33
33
6
6
6
6
6
6
6
6
6
6
6
4
6
6
6
6
8
4
5
5
7
19
15
9
7
30
15
7
11
8
6
13
5
6
7
6
6
5
6
6
6
6
6
7
5
7
5
7
5
6
6
6
7
5
6
6
7
6
11
6
25
8
6
6
6
5
7
6
6
24
9
6
6
6
6
6
6
6
6
6
6
5
6
5
6
7
5
7
5
6
8
8
3
7
6
8
4
